0.5 0 2.5 -5.240385010185563e-019 
0.5 0.004016064257028112 2.5 -0.001309576976650016 
0.5 0.008032128514056224 2.5 -0.002619153953300028 
0.5 0.01204819277108434 2.5 -0.003928730929950042 
0.5 0.01606425702811245 2.5 -0.005238307906600057 
0.5 0.02008032128514056 2.5 -0.006547884883250074 
0.5 0.02409638554216868 2.5 -0.007857461859900088 
0.5 0.02811244979919679 2.5 -0.009167038836550104 
0.5 0.0321285140562249 2.5 -0.01047661581320012 
0.5 0.03614457831325301 2.5 -0.01178619278985013 
0.5 0.04016064257028112 2.5 -0.01309576976650015 
0.5 0.04417670682730924 2.5 -0.01440534674315016 
0.5 0.04819277108433735 2.5 -0.01571492371980018 
0.5 0.05220883534136546 2.5 -0.01704146193650272 
0.5 0.05622489959839357 2.5 -0.01839543556888011 
0.5 0.06024096385542169 2.5 -0.01974940920125751 
0.5 0.06425702811244979 2.5 -0.02073544787298982 
0.5 0.06827309236947791 2.5 -0.0216370071288926 
0.5 0.07228915662650602 2.5 -0.0223926775834289 
0.5 0.07630522088353414 2.5 -0.02314834803796519 
0.5 0.08032128514056225 2.5 -0.0239040184925015 
0.5 0.08433734939759036 2.5 -0.02465968894703779 
0.5 0.08835341365461848 2.5 -0.0254153594015741 
0.5 0.09236947791164658 2.5 -0.02617102985611039 
0.5 0.0963855421686747 2.5 -0.02692670031064669 
0.5 0.1004016064257028 2.5 -0.02768237076518299 
0.5 0.1044176706827309 2.5 -0.0284216437108135 
0.5 0.108433734939759 2.5 -0.02915979237468816 
0.5 0.1124497991967872 2.5 -0.02989794103856281 
0.5 0.1164658634538153 2.5 -0.03063608970243747 
0.5 0.1204819277108434 2.5 -0.03122995387125885 
0.5 0.1244979919678715 2.5 -0.03176030811670164 
0.5 0.1285140562248996 2.5 -0.03229066236214442 
0.5 0.1325301204819277 2.5 -0.03282101660758721 
0.5 0.1365461847389558 2.5 -0.03340333742948327 
0.5 0.1405622489959839 2.5 -0.03402657358681431 
0.5 0.144578313253012 2.5 -0.03464155540454735 
0.5 0.1485943775100402 2.5 -0.0352222724148325 
0.5 0.1526104417670683 2.5 -0.03580298942511766 
0.5 0.1566265060240964 2.5 -0.03638370643540282 
0.5 0.1606425702811245 2.5 -0.03696442344568798 
0.5 0.1646586345381526 2.5 -0.03754514045597313 
0.5 0.1686746987951807 2.5 -0.03811923830054757 
0.5 0.1726907630522089 2.5 -0.03868708602440796 
0.5 0.176706827309237 2.5 -0.03921569605102044 
0.5 0.1807228915662651 2.5 -0.03973542358439472 
0.5 0.1847389558232932 2.5 -0.04025515111776899 
0.5 0.1887550200803213 2.5 -0.04077487865114327 
0.5 0.1927710843373494 2.5 -0.04129460618451753 
0.5 0.1967871485943775 2.5 -0.04170855403138801 
0.5 0.2008032128514056 2.5 -0.04208112560026107 
0.5 0.2048192771084337 2.5 -0.04245369716913412 
0.5 0.2088353413654618 2.5 -0.04282626873800718 
0.5 0.21285140562249 2.5 -0.04319884030688025 
0.5 0.2168674698795181 2.5 -0.04357141187575331 
0.5 0.2208835341365462 2.5 -0.04390039200971049 
0.5 0.2248995983935743 2.5 -0.04437111116887885 
0.5 0.2289156626506024 2.5 -0.04483541696929313 
0.5 0.2329317269076305 2.5 -0.04529972276970741 
0.5 0.2369477911646586 2.5 -0.04576402857012168 
0.5 0.2409638554216868 2.5 -0.04622833437053596 
0.5 0.2449799196787149 2.5 -0.04669264017095023 
0.5 0.248995983935743 2.5 -0.04715694597136451 
0.5 0.2530120481927711 2.5 -0.04762125177177879 
0.5 0.2570281124497992 2.5 -0.04808555757219306 
0.5 0.2610441767068273 2.5 -0.04853219643035624 
0.5 0.2650602409638554 2.5 -0.04896765349335663 
0.5 0.2690763052208836 2.5 -0.04940311055635702 
0.5 0.2730923694779117 2.5 -0.04983856761935739 
0.5 0.2771084337349398 2.5 -0.05027402468235778 
0.5 0.2811244979919679 2.5 -0.05080722792199487 
0.5 0.285140562248996 2.5 -0.05146452892117297 
0.5 0.2891566265060241 2.5 -0.05212182992035107 
0.5 0.2931726907630522 2.5 -0.05277913091952918 
0.5 0.2971887550200803 2.5 -0.05343643191870729 
0.5 0.3012048192771085 2.5 -0.05406535978349199 
0.5 0.3052208835341366 2.5 -0.05459469563046258 
0.5 0.3092369477911647 2.5 -0.05512403147743317 
0.5 0.3132530120481928 2.5 -0.05565336732440374 
0.5 0.3172690763052209 2.5 -0.05620896692100725 
0.5 0.321285140562249 2.5 -0.05683178892324931 
0.5 0.3253012048192771 2.5 -0.05745461092549135 
0.5 0.3293172690763052 2.5 -0.05816275942899353 
0.5 0.3333333333333333 2.5 -0.05889854081044069 
0.5 0.3373493975903614 2.5 -0.05963432219188784 
0.5 0.3413654618473896 2.5 -0.06037010357333499 
0.5 0.3453815261044177 2.5 -0.06110588495478216 
0.5 0.3493975903614458 2.5 -0.0618416663362293 
0.5 0.3534136546184739 2.5 -0.06251476867589227 
0.5 0.357429718875502 2.5 -0.06311692619984612 
0.5 0.3614457831325301 2.5 -0.06379964277902475 
0.5 0.3654618473895582 2.5 -0.06455683256588596 
0.5 0.3694779116465863 2.5 -0.06531402235274716 
0.5 0.3734939759036144 2.5 -0.06601129529352444 
0.5 0.3775100401606426 2.5 -0.06670621765651438 
0.5 0.3815261044176707 2.5 -0.06739856792389537 
0.5 0.3855421686746988 2.5 -0.06809057847896304 
0.5 0.3895582329317269 2.5 -0.06878779161949096 
0.5 0.393574297188755 2.5 -0.06950414904680791 
0.5 0.3975903614457831 2.5 -0.0702867253696923 
0.5 0.4016064257028112 2.5 -0.07130570450065715 
0.5 0.4056224899598394 2.5 -0.07232468363162199 
0.5 0.4096385542168675 2.5 -0.07334366276258683 
0.5 0.4136546184738956 2.5 -0.07436264189355168 
0.5 0.4176706827309237 2.5 -0.07538162102451654 
0.5 0.4216867469879518 2.5 -0.07640493043299627 
0.5 0.4257028112449799 2.5 -0.07743868843477166 
0.5 0.4297188755020081 2.5 -0.07844780653527664 
0.5 0.4337349397590362 2.5 -0.07945692463578161 
0.5 0.4377510040160643 2.5 -0.08046604273628658 
0.5 0.4417670682730924 2.5 -0.08147516083679154 
0.5 0.4457831325301205 2.5 -0.08252062422633762 
0.5 0.4497991967871486 2.5 -0.08375891313358796 
0.5 0.4538152610441767 2.5 -0.08506273996779366 
0.5 0.4578313253012048 2.5 -0.08636656680199938 
0.5 0.461847389558233 2.5 -0.0876703936362051 
0.5 0.4658634538152611 2.5 -0.08897422047041081 
0.5 0.4698795180722892 2.5 -0.09027804730461653 
0.5 0.4738955823293173 2.5 -0.09153976052404823 
0.5 0.4779116465863454 2.5 -0.09251954391279041 
0.5 0.4819277108433735 2.5 -0.09346975824924687 
0.5 0.4859437751004016 2.5 -0.09441997258570332 
0.5 0.4899598393574297 2.5 -0.09537018692215978 
0.5 0.4939759036144578 2.5 -0.09632040125861621 
0.5 0.4979919678714859 2.5 -0.09726629489347873 
0.5 0.5020080321285141 2.5 -0.09821020356820051 
0.5 0.5060240963855421 2.5 -0.09930471133461305 
0.5 0.5100401606425703 2.5 -0.1004468816440901 
0.5 0.5140562248995984 2.5 -0.1015890519535671 
0.5 0.5180722891566265 2.5 -0.1027312222630442 
0.5 0.5220883534136547 2.5 -0.1038733925725212 
0.5 0.5261044176706827 2.5 -0.1049258150084875 
0.5 0.5301204819277109 2.5 -0.1059197767115402 
0.5 0.5341365461847389 2.5 -0.1069137384145929 
0.5 0.5381526104417671 2.5 -0.1079077001176456 
0.5 0.5421686746987952 2.5 -0.1089016618206984 
0.5 0.5461847389558233 2.5 -0.1102485230239575 
0.5 0.5502008032128514 2.5 -0.1116895750354764 
0.5 0.5542168674698795 2.5 -0.1131306270469953 
0.5 0.5582329317269076 2.5 -0.1145716790585142 
0.5 0.5622489959839357 2.5 -0.1160127310700332 
0.5 0.5662650602409639 2.5 -0.117449880185735 
0.5 0.570281124497992 2.5 -0.1186323600240497 
0.5 0.5742971887550201 2.5 -0.1198148398623645 
0.5 0.5783132530120482 2.5 -0.1209973197006792 
0.5 0.5823293172690763 2.5 -0.122179799538994 
0.5 0.5863453815261044 2.5 -0.1234479226126858 
0.5 0.5903614457831325 2.5 -0.1245750403218312 
0.5 0.5943775100401606 2.5 -0.1255235737747 
0.5 0.5983935742971888 2.5 -0.1264921906759871 
0.5 0.6024096385542169 2.5 -0.1275187064659234 
0.5 0.606425702811245 2.5 -0.1285452222558597 
0.5 0.6104417670682731 2.5 -0.129571738045796 
0.5 0.6144578313253012 2.5 -0.1305588661274121 
0.5 0.6184738955823294 2.5 -0.1312642585641285 
0.5 0.6224899598393574 2.5 -0.1319696510008449 
0.5 0.6265060240963856 2.5 -0.1326750434375614 
0.5 0.6305220883534136 2.5 -0.1333804358742778 
0.5 0.6345381526104418 2.5 -0.1340858283109943 
0.5 0.6385542168674698 2.5 -0.1347912207477107 
0.5 0.642570281124498 2.5 -0.1353373622749249 
0.5 0.6465863453815262 2.5 -0.1357216319056015 
0.5 0.6506024096385542 2.5 -0.136105901536278 
0.5 0.6546184738955824 2.5 -0.1364901711669546 
0.5 0.6586345381526104 2.5 -0.1368744407976311 
0.5 0.6626506024096386 2.5 -0.1372587104283077 
0.5 0.6666666666666666 2.5 -0.1375164334678706 
0.5 0.6706827309236948 2.5 -0.1376559503683055 
0.5 0.6746987951807228 2.5 -0.1377954672687404 
0.5 0.678714859437751 2.5 -0.1379349841691753 
0.5 0.6827309236947792 2.5 -0.1380745010696102 
0.5 0.6867469879518072 2.5 -0.1380691512250118 
0.5 0.6907630522088354 2.5 -0.1371963079319924 
0.5 0.6947791164658634 2.5 -0.1363234646389731 
0.5 0.6987951807228916 2.5 -0.1354023734279836 
0.5 0.7028112449799197 2.5 -0.1340812475854623 
0.5 0.7068273092369478 2.5 -0.1327489178357371 
0.5 0.7108433734939759 2.5 -0.1313493949054711 
0.5 0.714859437751004 2.5 -0.1299498719752052 
0.5 0.7188755020080321 2.5 -0.1285503490449392 
0.5 0.7228915662650602 2.5 -0.1271441877089046 
0.5 0.7269076305220884 2.5 -0.1255798708313719 
0.5 0.7309236947791165 2.5 -0.1227003969021275 
0.5 0.7349397590361446 2.5 -0.119820922972883 
0.5 0.7389558232931727 2.5 -0.1169414490436385 
0.5 0.7429718875502008 2.5 -0.1140619751143941 
0.5 0.7469879518072289 2.5 -0.1111825011851496 
0.5 0.751004016064257 2.5 -0.1083030272559051 
0.5 0.7550200803212851 2.5 -0.1053050645482983 
0.5 0.7590361445783133 2.5 -0.1015185403765911 
0.5 0.7630522088353414 2.5 -0.09773201620488387 
0.5 0.7670682730923695 2.5 -0.09394549203317679 
0.5 0.7710843373493976 2.5 -0.09015896786146958 
0.5 0.7751004016064257 2.5 -0.0863724436897625 
0.5 0.7791164658634538 2.5 -0.0825859195180553 
0.5 0.7831325301204819 2.5 -0.07819671859454527 
0.5 0.7871485943775101 2.5 -0.07083932893179447 
0.5 0.7911646586345381 2.5 -0.06300090780531314 
0.5 0.7951807228915663 2.5 -0.0551624866788316 
0.5 0.7991967871485943 2.5 -0.04732406555235025 
0.5 0.8032128514056225 2.5 -0.0394856444258687 
0.5 0.8072289156626507 2.5 -0.03164722329938716 
0.5 0.8112449799196787 2.5 -0.02380880217290582 
0.5 0.8152610441767069 2.5 -0.0141927624188369 
0.5 0.8192771084337349 2.5 -0.003956817009005086 
0.5 0.8232931726907631 2.5 0.006279128400827009 
0.5 0.8273092369477911 2.5 0.01651507381065883 
0.5 0.8313253012048193 2.5 0.02675101922049093 
0.5 0.8353413654618473 2.5 0.03698696463032273 
0.5 0.8393574297188755 2.5 0.04722291004015484 
0.5 0.8433734939759037 2.5 0.0576840520868678 
0.5 0.8473895582329317 2.5 0.07107207166070487 
0.5 0.8514056224899599 2.5 0.08446009123454232 
0.5 0.8554216867469879 2.5 0.09838214418342653 
0.5 0.8594377510040161 2.5 0.1140259318962033 
0.5 0.8634538152610441 2.5 0.1296697196089796 
0.5 0.8674698795180723 2.5 0.1453933090758035 
0.5 0.8714859437751004 2.5 0.1619472751086857 
0.5 0.8755020080321285 2.5 0.1785012411415685 
0.5 0.8795180722891566 2.5 0.1950552071744507 
0.5 0.8835341365461847 2.5 0.2116091732073334 
0.5 0.8875502008032129 2.5 0.2281631392402162 
0.5 0.891566265060241 2.5 0.2483043997180588 
0.5 0.8955823293172691 2.5 0.2715099567879485 
0.5 0.8995983935742972 2.5 0.2947373911630163 
0.5 0.9036144578313253 2.5 0.3180422443376297 
0.5 0.9076305220883534 2.5 0.3413470975122424 
0.5 0.9116465863453815 2.5 0.3646519506868556 
0.5 0.9156626506024096 2.5 0.3879568038614684 
0.5 0.9196787148594378 2.5 0.4112616570360816 
0.5 0.9236947791164659 2.5 0.4345665102106949 
0.5 0.927710843373494 2.5 0.4578713633853077 
0.5 0.9317269076305221 2.5 0.4811762165599209 
0.5 0.9357429718875502 2.5 0.5053626667639599 
0.5 0.9397590361445783 2.5 0.5297345208243605 
0.5 0.9437751004016064 2.5 0.5609953801476997 
0.5 0.9477911646586346 2.5 0.5934337666666317 
0.5 0.9518072289156626 2.5 0.6255117442305272 
0.5 0.9558232931726908 2.5 0.6567190988779836 
0.5 0.9598393574297188 2.5 0.6879264535254392 
0.5 0.963855421686747 2.5 0.7191338081728955 
0.5 0.9678714859437751 2.5 0.750341162820352 
0.5 0.9718875502008032 2.5 0.7815485174678076 
0.5 0.9759036144578314 2.5 0.8127558721152641 
0.5 0.9799196787148594 2.5 0.8439632267627195 
0.5 0.9839357429718876 2.5 0.875170581410176 
0.5 0.9879518072289156 2.5 0.9063779360576316 
0.5 0.9919678714859438 2.5 0.937585290705088 
0.5 0.9959839357429718 2.5 0.9687926453525435 
0.5 1 2.5 1 

