0.5 0 2.5 0 
0.5 0.004016064257028112 2.5 -0.00271863453815261 
0.5 0.008032128514056224 2.5 -0.005437269076305221 
0.5 0.01204819277108434 2.5 -0.008155903614457831 
0.5 0.01606425702811245 2.5 -0.01087453815261044 
0.5 0.02008032128514056 2.5 -0.01359317269076305 
0.5 0.02409638554216868 2.5 -0.01631180722891567 
0.5 0.02811244979919679 2.5 -0.01903044176706827 
0.5 0.0321285140562249 2.5 -0.02174907630522088 
0.5 0.03614457831325301 2.5 -0.02446771084337349 
0.5 0.04016064257028112 2.5 -0.02718634538152611 
0.5 0.04417670682730924 2.5 -0.02990497991967872 
0.5 0.04819277108433735 2.5 -0.03262361445783132 
0.5 0.05220883534136546 2.5 -0.03510188353413655 
0.5 0.05622489959839357 2.5 -0.03738348995983935 
0.5 0.06024096385542169 2.5 -0.03966509638554216 
0.5 0.06425702811244979 2.5 -0.04194670281124498 
0.5 0.06827309236947791 2.5 -0.04422830923694779 
0.5 0.07228915662650602 2.5 -0.0465099156626506 
0.5 0.07630522088353414 2.5 -0.04879152208835343 
0.5 0.08032128514056225 2.5 -0.05107312851405622 
0.5 0.08433734939759036 2.5 -0.05335473493975903 
0.5 0.08835341365461848 2.5 -0.05563634136546185 
0.5 0.09236947791164658 2.5 -0.05791794779116467 
0.5 0.0963855421686747 2.5 -0.06019955421686748 
0.5 0.1004016064257028 2.5 -0.06245798795180723 
0.5 0.1044176706827309 2.5 -0.06450786746987951 
0.5 0.108433734939759 2.5 -0.0665577469879518 
0.5 0.1124497991967871 2.5 -0.06860762650602409 
0.5 0.1164658634538153 2.5 -0.0706575060240964 
0.5 0.1204819277108434 2.5 -0.07270738554216867 
0.5 0.1244979919678715 2.5 -0.07475726506024095 
0.5 0.1285140562248996 2.5 -0.07680714457831325 
0.5 0.1325301204819277 2.5 -0.07885702409638555 
0.5 0.1365461847389558 2.5 -0.08090690361445785 
0.5 0.1405622489959839 2.5 -0.0829567831325301 
0.5 0.144578313253012 2.5 -0.08500666265060242 
0.5 0.1485943775100401 2.5 -0.0870565421686747 
0.5 0.1526104417670683 2.5 -0.08902925702811244 
0.5 0.1566265060240964 2.5 -0.09096042168674699 
0.5 0.1606425702811245 2.5 -0.09289158634538154 
0.5 0.1646586345381526 2.5 -0.09482275100401606 
0.5 0.1686746987951807 2.5 -0.0967539156626506 
0.5 0.1726907630522088 2.5 -0.09868508032128515 
0.5 0.176706827309237 2.5 -0.1006162449799197 
0.5 0.1807228915662651 2.5 -0.1025474096385542 
0.5 0.1847389558232932 2.5 -0.1044785742971888 
0.5 0.1887550200803213 2.5 -0.1064097389558233 
0.5 0.1927710843373494 2.5 -0.1083409036144578 
0.5 0.1967871485943775 2.5 -0.1102720682730924 
0.5 0.2008032128514056 2.5 -0.112188421686747 
0.5 0.2048192771084337 2.5 -0.1140455301204819 
0.5 0.2088353413654618 2.5 -0.1159026385542169 
0.5 0.21285140562249 2.5 -0.1177597469879518 
0.5 0.2168674698795181 2.5 -0.1196168554216867 
0.5 0.2208835341365462 2.5 -0.1214739638554217 
0.5 0.2248995983935743 2.5 -0.1233310722891566 
0.5 0.2289156626506024 2.5 -0.1251881807228916 
0.5 0.2329317269076305 2.5 -0.1270452891566265 
0.5 0.2369477911646586 2.5 -0.1289023975903615 
0.5 0.2409638554216867 2.5 -0.1307595060240964 
0.5 0.2449799196787149 2.5 -0.1326166144578313 
0.5 0.248995983935743 2.5 -0.1344737228915663 
0.5 0.2530120481927711 2.5 -0.1362554698795181 
0.5 0.2570281124497992 2.5 -0.1380120963855422 
0.5 0.2610441767068273 2.5 -0.1397687228915662 
0.5 0.2650602409638554 2.5 -0.1415253493975904 
0.5 0.2690763052208835 2.5 -0.1432819759036145 
0.5 0.2730923694779117 2.5 -0.1450386024096385 
0.5 0.2771084337349398 2.5 -0.1467952289156627 
0.5 0.2811244979919679 2.5 -0.1485518554216868 
0.5 0.285140562248996 2.5 -0.1503084819277108 
0.5 0.2891566265060241 2.5 -0.1520651084337349 
0.5 0.2931726907630522 2.5 -0.153821734939759 
0.5 0.2971887550200803 2.5 -0.1555783614457831 
0.5 0.3012048192771085 2.5 -0.1572737108433735 
0.5 0.3052208835341366 2.5 -0.1588260803212851 
0.5 0.3092369477911647 2.5 -0.1603784497991968 
0.5 0.3132530120481928 2.5 -0.1619308192771084 
0.5 0.3172690763052209 2.5 -0.1634831887550201 
0.5 0.321285140562249 2.5 -0.1650355582329317 
0.5 0.3253012048192771 2.5 -0.1665879277108434 
0.5 0.3293172690763052 2.5 -0.168140297188755 
0.5 0.3333333333333333 2.5 -0.1696926666666667 
0.5 0.3373493975903614 2.5 -0.1712450361445783 
0.5 0.3413654618473896 2.5 -0.17279740562249 
0.5 0.3453815261044177 2.5 -0.1743497751004016 
0.5 0.3493975903614458 2.5 -0.1759021445783133 
0.5 0.3534136546184739 2.5 -0.1771302168674699 
0.5 0.357429718875502 2.5 -0.1783010602409639 
0.5 0.3614457831325301 2.5 -0.1794719036144578 
0.5 0.3654618473895582 2.5 -0.1806427469879519 
0.5 0.3694779116465863 2.5 -0.1818135903614458 
0.5 0.3734939759036144 2.5 -0.1829844337349398 
0.5 0.3775100401606425 2.5 -0.1841552771084337 
0.5 0.3815261044176707 2.5 -0.1853261204819277 
0.5 0.3855421686746988 2.5 -0.1864969638554217 
0.5 0.3895582329317269 2.5 -0.1876678072289157 
0.5 0.393574297188755 2.5 -0.1888386506024096 
0.5 0.3975903614457831 2.5 -0.1900094939759036 
0.5 0.4016064257028112 2.5 -0.1909357108433735 
0.5 0.4056224899598393 2.5 -0.1914949879518072 
0.5 0.4096385542168675 2.5 -0.192054265060241 
0.5 0.4136546184738956 2.5 -0.1926135421686747 
0.5 0.4176706827309237 2.5 -0.1931728192771084 
0.5 0.4216867469879518 2.5 -0.1937320963855422 
0.5 0.4257028112449799 2.5 -0.1942913734939759 
0.5 0.429718875502008 2.5 -0.1948506506024096 
0.5 0.4337349397590362 2.5 -0.1954099277108434 
0.5 0.4377510040160643 2.5 -0.1959692048192771 
0.5 0.4417670682730924 2.5 -0.1965284819277108 
0.5 0.4457831325301205 2.5 -0.1970877590361446 
0.5 0.4497991967871486 2.5 -0.1976470361445783 
0.5 0.4538152610441767 2.5 -0.1973979357429719 
0.5 0.4578313253012048 2.5 -0.1971062891566265 
0.5 0.461847389558233 2.5 -0.1968146425702811 
0.5 0.4658634538152611 2.5 -0.1965229959839357 
0.5 0.4698795180722892 2.5 -0.1962313493975903 
0.5 0.4738955823293173 2.5 -0.195939702811245 
0.5 0.4779116465863454 2.5 -0.1956480562248996 
0.5 0.4819277108433735 2.5 -0.1953564096385542 
0.5 0.4859437751004016 2.5 -0.1950647630522089 
0.5 0.4899598393574297 2.5 -0.1947731164658635 
0.5 0.4939759036144578 2.5 -0.1944814698795181 
0.5 0.4979919678714859 2.5 -0.1941898232931727 
0.5 0.5020080321285141 2.5 -0.1933777751004016 
0.5 0.5060240963855421 2.5 -0.1920453253012049 
0.5 0.5100401606425703 2.5 -0.1907128755020081 
0.5 0.5140562248995983 2.5 -0.1893804257028112 
0.5 0.5180722891566265 2.5 -0.1880479759036145 
0.5 0.5220883534136547 2.5 -0.1867155261044176 
0.5 0.5261044176706827 2.5 -0.1853830763052209 
0.5 0.5301204819277109 2.5 -0.1840506265060241 
0.5 0.5341365461847389 2.5 -0.1827181767068273 
0.5 0.5381526104417671 2.5 -0.1813857269076306 
0.5 0.5421686746987951 2.5 -0.1800532771084338 
0.5 0.5461847389558233 2.5 -0.1787208273092369 
0.5 0.5502008032128514 2.5 -0.1773320963855423 
0.5 0.5542168674698795 2.5 -0.1748740240963856 
0.5 0.5582329317269076 2.5 -0.172415951807229 
0.5 0.5622489959839357 2.5 -0.1699578795180723 
0.5 0.5662650602409639 2.5 -0.1674998072289157 
0.5 0.570281124497992 2.5 -0.1650417349397591 
0.5 0.5742971887550201 2.5 -0.1625836626506025 
0.5 0.5783132530120482 2.5 -0.1601255903614457 
0.5 0.5823293172690763 2.5 -0.1576675180722891 
0.5 0.5863453815261044 2.5 -0.1552094457831325 
0.5 0.5903614457831325 2.5 -0.1527513734939759 
0.5 0.5943775100401606 2.5 -0.1502933012048193 
0.5 0.5983935742971888 2.5 -0.1478352289156626 
0.5 0.6024096385542169 2.5 -0.144725734939759 
0.5 0.606425702811245 2.5 -0.1411819598393574 
0.5 0.6104417670682731 2.5 -0.1376381847389558 
0.5 0.6144578313253012 2.5 -0.1340944096385542 
0.5 0.6184738955823293 2.5 -0.1305506345381526 
0.5 0.6224899598393574 2.5 -0.1270068594377511 
0.5 0.6265060240963856 2.5 -0.1234630843373494 
0.5 0.6305220883534136 2.5 -0.1199193092369479 
0.5 0.6345381526104418 2.5 -0.1163755341365461 
0.5 0.6385542168674698 2.5 -0.1128317590361447 
0.5 0.642570281124498 2.5 -0.109287983935743 
0.5 0.6465863453815262 2.5 -0.1057442088353413 
0.5 0.6506024096385542 2.5 -0.1020541084337349 
0.5 0.6546184738955824 2.5 -0.09753483132530115 
0.5 0.6586345381526104 2.5 -0.09301555421686757 
0.5 0.6626506024096386 2.5 -0.08849627710843366 
0.5 0.6666666666666666 2.5 -0.08397700000000011 
0.5 0.6706827309236948 2.5 -0.07945772289156632 
0.5 0.6746987951807228 2.5 -0.07493844578313251 
0.5 0.678714859437751 2.5 -0.07041916867469884 
0.5 0.6827309236947792 2.5 -0.06589989156626493 
0.5 0.6867469879518072 2.5 -0.06138061445783137 
0.5 0.6907630522088354 2.5 -0.05686133734939745 
0.5 0.6947791164658634 2.5 -0.05234206024096378 
0.5 0.6987951807228916 2.5 -0.04782278313252998 
0.5 0.7028112449799196 2.5 -0.04263021285140561 
0.5 0.7068273092369478 2.5 -0.03714908835341358 
0.5 0.7108433734939759 2.5 -0.03166796385542155 
0.5 0.714859437751004 2.5 -0.02618683935742982 
0.5 0.7188755020080321 2.5 -0.02070571485943794 
0.5 0.7228915662650602 2.5 -0.01522459036144575 
0.5 0.7269076305220884 2.5 -0.009743465863453723 
0.5 0.7309236947791165 2.5 -0.004262341365462 
0.5 0.7349397590361446 2.5 0.001218783132530184 
0.5 0.7389558232931727 2.5 0.006699907630522064 
0.5 0.7429718875502008 2.5 0.0121810321285141 
0.5 0.7469879518072289 2.5 0.01766215662650613 
0.5 0.751004016064257 2.5 0.02348201606425705 
0.5 0.7550200803212851 2.5 0.03031808032128524 
0.5 0.7590361445783133 2.5 0.03715414457831344 
0.5 0.7630522088353414 2.5 0.04399020883534124 
0.5 0.7670682730923695 2.5 0.05082627309236924 
0.5 0.7710843373493976 2.5 0.05766233734939764 
0.5 0.7751004016064257 2.5 0.06449840160642582 
0.5 0.7791164658634538 2.5 0.07133446586345381 
0.5 0.7831325301204819 2.5 0.07817053012048182 
0.5 0.7871485943775101 2.5 0.08500659437751004 
0.5 0.7911646586345381 2.5 0.09184265863453801 
0.5 0.7951807228915663 2.5 0.09867872289156604 
0.5 0.7991967871485943 2.5 0.1055147871485942 
0.5 0.8032128514056225 2.5 0.1144012931726908 
0.5 0.8072289156626506 2.5 0.1238004096385541 
0.5 0.8112449799196787 2.5 0.1331995261044175 
0.5 0.8152610441767069 2.5 0.142598642570281 
0.5 0.8192771084337349 2.5 0.1519977590361443 
0.5 0.8232931726907631 2.5 0.1613968755020082 
0.5 0.8273092369477911 2.5 0.1707959919678715 
0.5 0.8313253012048193 2.5 0.1801951084337351 
0.5 0.8353413654618473 2.5 0.1895942248995982 
0.5 0.8393574297188755 2.5 0.198993341365462 
0.5 0.8433734939759037 2.5 0.2083924578313256 
0.5 0.8473895582329317 2.5 0.2177915742971887 
0.5 0.8514056224899599 2.5 0.2288586586345384 
0.5 0.8554216867469879 2.5 0.2430233975903615 
0.5 0.8594377510040161 2.5 0.2571881365461853 
0.5 0.8634538152610441 2.5 0.271352875502008 
0.5 0.8674698795180723 2.5 0.2855176144578314 
0.5 0.8714859437751004 2.5 0.2996823534136545 
0.5 0.8755020080321285 2.5 0.3138470923694783 
0.5 0.8795180722891566 2.5 0.328011831325301 
0.5 0.8835341365461847 2.5 0.3421765702811244 
0.5 0.8875502008032129 2.5 0.3563413092369483 
0.5 0.8915662650602409 2.5 0.3705060481927706 
0.5 0.8955823293172691 2.5 0.3846707871485944 
0.5 0.8995983935742972 2.5 0.3988355261044175 
0.5 0.9036144578313253 2.5 0.4193068433734938 
0.5 0.9076305220883534 2.5 0.4404788915662651 
0.5 0.9116465863453815 2.5 0.4616509397590359 
0.5 0.9156626506024096 2.5 0.4828229879518067 
0.5 0.9196787148594378 2.5 0.5039950361445781 
0.5 0.9236947791164659 2.5 0.5251670843373499 
0.5 0.927710843373494 2.5 0.5463391325301201 
0.5 0.9317269076305221 2.5 0.5675111807228915 
0.5 0.9357429718875502 2.5 0.5886832289156624 
0.5 0.9397590361445783 2.5 0.6098552771084343 
0.5 0.9437751004016064 2.5 0.6310273253012045 
0.5 0.9477911646586346 2.5 0.6521993734939765 
0.5 0.9518072289156626 2.5 0.6759942168674691 
0.5 0.9558232931726908 2.5 0.7029946987951811 
0.5 0.9598393574297188 2.5 0.7299951807228923 
0.5 0.963855421686747 2.5 0.7569956626506026 
0.5 0.9678714859437751 2.5 0.7839961445783137 
0.5 0.9718875502008032 2.5 0.8109966265060242 
0.5 0.9759036144578314 2.5 0.8379971084337345 
0.5 0.9799196787148594 2.5 0.8649975903614451 
0.5 0.9839357429718876 2.5 0.8919980722891568 
0.5 0.9879518072289156 2.5 0.918998554216868 
0.5 0.9919678714859438 2.5 0.9459990361445777 
0.5 0.9959839357429718 2.5 0.9729995180722888 
0.5 1 2.5 1 

