0.5 0 2.5 0.0030766 
0.5 0.004016064257028112 2.5 0.003077652048192772 
0.5 0.008032128514056224 2.5 0.003078704096385543 
0.5 0.01204819277108434 2.5 0.003079756144578314 
0.5 0.01606425702811245 2.5 0.003080808192771084 
0.5 0.02008032128514056 2.5 0.003081860240963855 
0.5 0.02409638554216868 2.5 0.003082912289156627 
0.5 0.02811244979919679 2.5 0.003083964337349397 
0.5 0.0321285140562249 2.5 0.003085016385542169 
0.5 0.03614457831325301 2.5 0.00308606843373494 
0.5 0.04016064257028112 2.5 0.003087120481927711 
0.5 0.04417670682730924 2.5 0.003088172530120482 
0.5 0.04819277108433735 2.5 0.003089224578313253 
0.5 0.05220883534136546 2.5 0.003090276626506024 
0.5 0.05622489959839357 2.5 0.003091328674698796 
0.5 0.06024096385542169 2.5 0.003092380722891566 
0.5 0.06425702811244979 2.5 0.003093432771084337 
0.5 0.06827309236947791 2.5 0.003094484819277108 
0.5 0.07228915662650602 2.5 0.00309553686746988 
0.5 0.07630522088353414 2.5 0.003096588915662651 
0.5 0.08032128514056225 2.5 0.003097640963855421 
0.5 0.08433734939759036 2.5 0.003098693012048193 
0.5 0.08835341365461848 2.5 0.003099745060240964 
0.5 0.09236947791164658 2.5 0.003100797108433735 
0.5 0.0963855421686747 2.5 0.003101849156626505 
0.5 0.1004016064257028 2.5 0.003102901204819277 
0.5 0.1044176706827309 2.5 0.003103953253012048 
0.5 0.108433734939759 2.5 0.003105005301204819 
0.5 0.1124497991967871 2.5 0.003106057349397591 
0.5 0.1164658634538153 2.5 0.003107109397590362 
0.5 0.1204819277108434 2.5 0.003108161445783133 
0.5 0.1244979919678715 2.5 0.003109213493975903 
0.5 0.1285140562248996 2.5 0.003110265542168675 
0.5 0.1325301204819277 2.5 0.003111317590361446 
0.5 0.1365461847389558 2.5 0.003112369638554217 
0.5 0.1405622489959839 2.5 0.003113421686746988 
0.5 0.144578313253012 2.5 0.003114473734939759 
0.5 0.1485943775100401 2.5 0.003115525783132531 
0.5 0.1526104417670683 2.5 0.003116577831325301 
0.5 0.1566265060240964 2.5 0.003117629879518072 
0.5 0.1606425702811245 2.5 0.003118681927710843 
0.5 0.1646586345381526 2.5 0.003119733975903614 
0.5 0.1686746987951807 2.5 0.003120786024096386 
0.5 0.1726907630522088 2.5 0.003121838072289157 
0.5 0.176706827309237 2.5 0.003122890120481928 
0.5 0.1807228915662651 2.5 0.003123942168674699 
0.5 0.1847389558232932 2.5 0.00312499421686747 
0.5 0.1887550200803213 2.5 0.003126046265060241 
0.5 0.1927710843373494 2.5 0.003127098313253013 
0.5 0.1967871485943775 2.5 0.003128150361445783 
0.5 0.2008032128514056 2.5 0.003129202409638554 
0.5 0.2048192771084337 2.5 0.003130254457831326 
0.5 0.2088353413654618 2.5 0.003131306506024097 
0.5 0.21285140562249 2.5 0.003132358554216868 
0.5 0.2168674698795181 2.5 0.003133410602409638 
0.5 0.2208835341365462 2.5 0.003134462650602409 
0.5 0.2248995983935743 2.5 0.003135514698795181 
0.5 0.2289156626506024 2.5 0.003136566746987952 
0.5 0.2329317269076305 2.5 0.003137618795180724 
0.5 0.2369477911646586 2.5 0.003138670843373495 
0.5 0.2409638554216867 2.5 0.003139722891566265 
0.5 0.2449799196787149 2.5 0.003140774939759036 
0.5 0.248995983935743 2.5 0.003141826987951807 
0.5 0.2530120481927711 2.5 0.003142879036144579 
0.5 0.2570281124497992 2.5 0.00314393108433735 
0.5 0.2610441767068273 2.5 0.003144983132530121 
0.5 0.2650602409638554 2.5 0.003146035180722893 
0.5 0.2690763052208835 2.5 0.003147087228915663 
0.5 0.2730923694779117 2.5 0.003148139277108434 
0.5 0.2771084337349398 2.5 0.003149191325301204 
0.5 0.2811244979919679 2.5 0.003150243373493976 
0.5 0.285140562248996 2.5 0.003151295421686747 
0.5 0.2891566265060241 2.5 0.003152347469879518 
0.5 0.2931726907630522 2.5 0.003153399518072289 
0.5 0.2971887550200803 2.5 0.00315445156626506 
0.5 0.3012048192771085 2.5 0.003155503614457831 
0.5 0.3052208835341366 2.5 0.003156555662650602 
0.5 0.3092369477911647 2.5 0.003157607710843374 
0.5 0.3132530120481928 2.5 0.003158659759036145 
0.5 0.3172690763052209 2.5 0.003159711807228916 
0.5 0.321285140562249 2.5 0.003160763855421687 
0.5 0.3253012048192771 2.5 0.003161815903614458 
0.5 0.3293172690763052 2.5 0.003162867951807229 
0.5 0.3333333333333333 2.5 0.00316392 
0.5 0.3373493975903614 2.5 0.003164972048192771 
0.5 0.3413654618473896 2.5 0.003166024096385542 
0.5 0.3453815261044177 2.5 0.003167076144578313 
0.5 0.3493975903614458 2.5 0.003168128192771085 
0.5 0.3534136546184739 2.5 0.003169180240963856 
0.5 0.357429718875502 2.5 0.003170232289156626 
0.5 0.3614457831325301 2.5 0.003171284337349397 
0.5 0.3654618473895582 2.5 0.003172336385542168 
0.5 0.3694779116465863 2.5 0.003173388433734939 
0.5 0.3734939759036144 2.5 0.003174440481927711 
0.5 0.3775100401606425 2.5 0.003175492530120482 
0.5 0.3815261044176707 2.5 0.003176544578313254 
0.5 0.3855421686746988 2.5 0.003177596626506024 
0.5 0.3895582329317269 2.5 0.003178648674698796 
0.5 0.393574297188755 2.5 0.003179700722891566 
0.5 0.3975903614457831 2.5 0.003180752771084338 
0.5 0.4016064257028112 2.5 0.003181804819277108 
0.5 0.4056224899598393 2.5 0.00318285686746988 
0.5 0.4096385542168675 2.5 0.003183908915662652 
0.5 0.4136546184738956 2.5 0.003184960963855422 
0.5 0.4176706827309237 2.5 0.003186013012048193 
0.5 0.4216867469879518 2.5 0.003187065060240964 
0.5 0.4257028112449799 2.5 0.003188117108433735 
0.5 0.429718875502008 2.5 0.003189169156626506 
0.5 0.4337349397590362 2.5 0.003190221204819277 
0.5 0.4377510040160643 2.5 0.003191273253012049 
0.5 0.4417670682730924 2.5 0.003192325301204819 
0.5 0.4457831325301205 2.5 0.003193377349397591 
0.5 0.4497991967871486 2.5 0.003194429397590361 
0.5 0.4538152610441767 2.5 0.003195481445783133 
0.5 0.4578313253012048 2.5 0.003196533493975904 
0.5 0.461847389558233 2.5 0.003197585542168675 
0.5 0.4658634538152611 2.5 0.003198637590361447 
0.5 0.4698795180722892 2.5 0.003199689638554217 
0.5 0.4738955823293173 2.5 0.003200741686746988 
0.5 0.4779116465863454 2.5 0.003201793734939759 
0.5 0.4819277108433735 2.5 0.00320284578313253 
0.5 0.4859437751004016 2.5 0.003203897831325301 
0.5 0.4899598393574297 2.5 0.003204949879518072 
0.5 0.4939759036144578 2.5 0.003206001927710843 
0.5 0.4979919678714859 2.5 0.003207053975903615 
0.5 0.5020080321285141 2.5 0.003208106024096386 
0.5 0.5060240963855421 2.5 0.003209158072289157 
0.5 0.5100401606425703 2.5 0.003210210120481927 
0.5 0.5140562248995983 2.5 0.003211262168674699 
0.5 0.5180722891566265 2.5 0.00321231421686747 
0.5 0.5220883534136547 2.5 0.003213366265060241 
0.5 0.5261044176706827 2.5 0.003214418313253013 
0.5 0.5301204819277109 2.5 0.003215470361445783 
0.5 0.5341365461847389 2.5 0.003216522409638555 
0.5 0.5381526104417671 2.5 0.003217574457831325 
0.5 0.5421686746987951 2.5 0.003218626506024097 
0.5 0.5461847389558233 2.5 0.003219678554216867 
0.5 0.5502008032128514 2.5 0.003220730602409638 
0.5 0.5542168674698795 2.5 0.00322178265060241 
0.5 0.5582329317269076 2.5 0.003222834698795181 
0.5 0.5622489959839357 2.5 0.003223886746987952 
0.5 0.5662650602409639 2.5 0.003224938795180723 
0.5 0.570281124497992 2.5 0.003225990843373494 
0.5 0.5742971887550201 2.5 0.003227042891566265 
0.5 0.5783132530120482 2.5 0.003228094939759037 
0.5 0.5823293172690763 2.5 0.003229146987951807 
0.5 0.5863453815261044 2.5 0.003230199036144579 
0.5 0.5903614457831325 2.5 0.003231251084337349 
0.5 0.5943775100401606 2.5 0.00323230313253012 
0.5 0.5983935742971888 2.5 0.003233355180722892 
0.5 0.6024096385542169 2.5 0.003234407228915663 
0.5 0.606425702811245 2.5 0.003235459277108433 
0.5 0.6104417670682731 2.5 0.003236511325301204 
0.5 0.6144578313253012 2.5 0.003237563373493976 
0.5 0.6184738955823293 2.5 0.003238615421686747 
0.5 0.6224899598393574 2.5 0.003239667469879518 
0.5 0.6265060240963856 2.5 0.003240719518072289 
0.5 0.6305220883534136 2.5 0.00324177156626506 
0.5 0.6345381526104418 2.5 0.003242823614457832 
0.5 0.6385542168674698 2.5 0.003243875662650602 
0.5 0.642570281124498 2.5 0.003244927710843373 
0.5 0.6465863453815262 2.5 0.003245979759036144 
0.5 0.6506024096385542 2.5 0.003247031807228916 
0.5 0.6546184738955824 2.5 0.003248083855421687 
0.5 0.6586345381526104 2.5 0.003249135903614458 
0.5 0.6626506024096386 2.5 0.003250187951807229 
0.5 0.6666666666666666 2.5 0.003251240000000001 
0.5 0.6706827309236948 2.5 0.003252292048192771 
0.5 0.6746987951807228 2.5 0.003253344096385543 
0.5 0.678714859437751 2.5 0.003254396144578314 
0.5 0.6827309236947792 2.5 0.003255448192771085 
0.5 0.6867469879518072 2.5 0.003256500240963855 
0.5 0.6907630522088354 2.5 0.003257552289156627 
0.5 0.6947791164658634 2.5 0.003258604337349398 
0.5 0.6987951807228916 2.5 0.003259656385542168 
0.5 0.7028112449799196 2.5 0.00326070843373494 
0.5 0.7068273092369478 2.5 0.003261760481927712 
0.5 0.7108433734939759 2.5 0.003262812530120482 
0.5 0.714859437751004 2.5 0.003263864578313254 
0.5 0.7188755020080321 2.5 0.003264916626506024 
0.5 0.7228915662650602 2.5 0.003265968674698795 
0.5 0.7269076305220884 2.5 0.003267020722891567 
0.5 0.7309236947791165 2.5 0.003268072771084338 
0.5 0.7349397590361446 2.5 0.003269124819277109 
0.5 0.7389558232931727 2.5 0.00327017686746988 
0.5 0.7429718875502008 2.5 0.003271228915662651 
0.5 0.7469879518072289 2.5 0.003272280963855421 
0.5 0.751004016064257 2.5 0.003273333012048193 
0.5 0.7550200803212851 2.5 0.003274385060240964 
0.5 0.7590361445783133 2.5 0.003275437108433735 
0.5 0.7630522088353414 2.5 0.003276489156626507 
0.5 0.7670682730923695 2.5 0.003277541204819277 
0.5 0.7710843373493976 2.5 0.003278593253012048 
0.5 0.7751004016064257 2.5 0.00327964530120482 
0.5 0.7791164658634538 2.5 0.003280697349397591 
0.5 0.7831325301204819 2.5 0.003281749397590361 
0.5 0.7871485943775101 2.5 0.003282801445783133 
0.5 0.7911646586345381 2.5 0.003283853493975904 
0.5 0.7951807228915663 2.5 0.003284905542168675 
0.5 0.7991967871485943 2.5 0.003285957590361446 
0.5 0.8032128514056225 2.5 0.003287009638554218 
0.5 0.8072289156626506 2.5 0.003288061686746988 
0.5 0.8112449799196787 2.5 0.003289113734939759 
0.5 0.8152610441767069 2.5 0.00329016578313253 
0.5 0.8192771084337349 2.5 0.003291217831325301 
0.5 0.8232931726907631 2.5 0.003292269879518072 
0.5 0.8273092369477911 2.5 0.003293321927710843 
0.5 0.8313253012048193 2.5 0.003294373975903615 
0.5 0.8353413654618473 2.5 0.003295426024096386 
0.5 0.8393574297188755 2.5 0.003296478072289157 
0.5 0.8433734939759037 2.5 0.003297530120481928 
0.5 0.8473895582329317 2.5 0.003298582168674698 
0.5 0.8514056224899599 2.5 0.00329963421686747 
0.5 0.8554216867469879 2.5 0.003300686265060241 
0.5 0.8594377510040161 2.5 0.003301738313253013 
0.5 0.8634538152610441 2.5 0.003302790361445783 
0.5 0.8674698795180723 2.5 0.003303842409638554 
0.5 0.8714859437751004 2.5 0.003304894457831325 
0.5 0.8755020080321285 2.5 0.003305946506024096 
0.5 0.8795180722891566 2.5 0.003306998554216867 
0.5 0.8835341365461847 2.5 0.003308050602409639 
0.5 0.8875502008032129 2.5 0.00330910265060241 
0.5 0.8915662650602409 2.5 0.003310154698795181 
0.5 0.8955823293172691 2.5 0.003311206746987952 
0.5 0.8995983935742972 2.5 0.003312258795180723 
0.5 0.9036144578313253 2.5 0.003313310843373494 
0.5 0.9076305220883534 2.5 0.003314362891566265 
0.5 0.9116465863453815 2.5 0.003315414939759036 
0.5 0.9156626506024096 2.5 0.003316466987951808 
0.5 0.9196787148594378 2.5 0.003317519036144578 
0.5 0.9236947791164659 2.5 0.003318571084337349 
0.5 0.927710843373494 2.5 0.003319623132530121 
0.5 0.9317269076305221 2.5 0.003320675180722892 
0.5 0.9357429718875502 2.5 0.003321727228915663 
0.5 0.9397590361445783 2.5 0.003322779277108434 
0.5 0.9437751004016064 2.5 0.003323831325301205 
0.5 0.9477911646586346 2.5 0.003324883373493976 
0.5 0.9518072289156626 2.5 0.003325935421686748 
0.5 0.9558232931726908 2.5 0.003326987469879518 
0.5 0.9598393574297188 2.5 0.003328039518072289 
0.5 0.963855421686747 2.5 0.003329091566265061 
0.5 0.9678714859437751 2.5 0.003330143614457832 
0.5 0.9718875502008032 2.5 0.003331195662650603 
0.5 0.9759036144578314 2.5 0.003332247710843375 
0.5 0.9799196787148594 2.5 0.003333299759036145 
0.5 0.9839357429718876 2.5 0.003334351807228916 
0.5 0.9879518072289156 2.5 0.003335403855421686 
0.5 0.9919678714859438 2.5 0.003336455903614458 
0.5 0.9959839357429718 2.5 0.003337507951807229 
0.5 1 2.5 0.00333856 

