0.025 0.025 0 0 
0.025 0.025 0.005025125628140704 0 
0.025 0.025 0.01005025125628141 0 
0.025 0.025 0.01507537688442211 0 
0.025 0.025 0.02010050251256281 0 
0.025 0.025 0.02512562814070352 0 
0.025 0.025 0.03015075376884422 0 
0.025 0.025 0.03517587939698492 1e-06 
0.025 0.025 0.04020100502512563 1e-06 
0.025 0.025 0.04522613065326633 1e-06 
0.025 0.025 0.05025125628140704 2e-06 
0.025 0.025 0.05527638190954774 3.000000000000001e-06 
0.025 0.025 0.06030150753768844 5.000000000000001e-06 
0.025 0.025 0.06532663316582915 6e-06 
0.025 0.025 0.07035175879396985 9e-06 
0.025 0.025 0.07537688442211055 1.7e-05 
0.025 0.025 0.08040201005025126 2.3e-05 
0.025 0.025 0.08542713567839195 3.099999999999999e-05 
0.025 0.025 0.09045226130653267 4.1e-05 
0.025 0.025 0.09547738693467336 5.5e-05 
0.025 0.025 0.1005025125628141 9.700000000000001e-05 
0.025 0.025 0.1055276381909548 0.000128 
0.025 0.025 0.1105527638190955 0.000169 
0.025 0.025 0.1155778894472362 0.00022 
0.025 0.025 0.1206030150753769 0.000286 
0.025 0.025 0.1256281407035176 0.0004740000000000001 
0.025 0.025 0.1306532663316583 0.0006070000000000001 
0.025 0.025 0.135678391959799 0.000772 
0.025 0.025 0.1407035175879397 0.0009779999999999999 
0.025 0.025 0.1457286432160804 0.001233 
0.025 0.025 0.1507537688442211 0.001931 
0.025 0.025 0.1557788944723618 0.002398 
0.025 0.025 0.1608040201005025 0.002966 
0.025 0.025 0.1658291457286432 0.00365 
0.025 0.025 0.1708542713567839 0.005451 
0.025 0.025 0.1758793969849246 0.006616 
0.025 0.025 0.1809045226130653 0.007993 
0.025 0.025 0.185929648241206 0.009613999999999999 
0.025 0.025 0.1909547738693467 0.011511 
0.025 0.025 0.1959798994974874 0.016284 
0.025 0.025 0.2010050251256282 0.019242 
0.025 0.025 0.2060301507537688 0.022638 
0.025 0.025 0.2110552763819095 0.02651999999999999 
0.025 0.025 0.2160804020100502 0.030936 
0.025 0.025 0.221105527638191 0.04156700000000001 
0.025 0.025 0.2261306532663317 0.047885 
0.025 0.025 0.2311557788944724 0.05493699999999999 
0.025 0.025 0.2361809045226131 0.06277199999999999 
0.025 0.025 0.2412060301507538 0.071439 
0.025 0.025 0.2462311557788945 0.091437 
0.025 0.025 0.2512562814070352 0.102844 
0.025 0.025 0.2562814070351759 0.115232 
0.025 0.025 0.2613065326633166 0.128624 
0.025 0.025 0.2663316582914573 0.143038 
0.025 0.025 0.271356783919598 0.174954 
0.025 0.025 0.2763819095477387 0.192448 
0.025 0.025 0.2814070351758794 0.210943 
0.025 0.025 0.2864321608040201 0.230411 
0.025 0.025 0.2914572864321608 0.250814 
0.025 0.025 0.2964824120603015 0.294225 
0.025 0.025 0.3015075376884422 0.317107 
0.025 0.025 0.3065326633165829 0.340676 
0.025 0.025 0.3115577889447236 0.36485 
0.025 0.025 0.3165829145728643 0.389538 
0.025 0.025 0.321608040201005 0.440066 
0.025 0.025 0.3266331658291458 0.465703 
0.025 0.025 0.3316582914572864 0.491446 
0.025 0.025 0.3366834170854272 0.517189 
0.025 0.025 0.3417085427135678 0.5682480000000001 
0.025 0.025 0.3467336683417085 0.5933569999999999 
0.025 0.025 0.3517587939698493 0.618055 
0.025 0.025 0.3567839195979899 0.6422469999999999 
0.025 0.025 0.3618090452261307 0.6658500000000002 
0.025 0.025 0.3668341708542713 0.7109759999999999 
0.025 0.025 0.3718592964824121 0.7323669999999998 
0.025 0.025 0.3768844221105528 0.7529010000000002 
0.025 0.025 0.3819095477386935 0.772536 
0.025 0.025 0.3869346733668342 0.791235 
0.025 0.025 0.3919597989949749 0.8257320000000002 
0.025 0.025 0.3969849246231156 0.8415050000000001 
0.025 0.025 0.4020100502512563 0.8562920000000001 
0.025 0.025 0.407035175879397 0.8700989999999998 
0.025 0.025 0.4120603015075377 0.882942 
0.025 0.025 0.4170854271356784 0.9058220000000002 
0.025 0.025 0.4221105527638191 0.9159159999999998 
0.025 0.025 0.4271356783919598 0.9251589999999998 
0.025 0.025 0.4321608040201005 0.933588 
0.025 0.025 0.4371859296482412 0.9412430000000001 
0.025 0.025 0.4422110552763819 0.9544030000000001 
0.025 0.025 0.4472361809045226 0.9599920000000001 
0.025 0.025 0.4522613065326633 0.9649779999999999 
0.025 0.025 0.457286432160804 0.9694020000000001 
0.025 0.025 0.4623115577889447 0.9733039999999999 
0.025 0.025 0.4673366834170855 0.979685 
0.025 0.025 0.4723618090452261 0.9822319999999999 
0.025 0.025 0.4773869346733668 0.9843889999999998 
0.025 0.025 0.4824120603015075 0.986179 
0.025 0.025 0.4874371859296482 0.987626 
0.025 0.025 0.492462311557789 0.9895450000000001 
0.025 0.025 0.4974874371859296 0.9900390000000002 
0.025 0.025 0.5025125628140703 0.9902280000000001 
0.025 0.025 0.507537688442211 0.9901100000000002 
0.025 0.025 0.5125628140703518 0.988924 
0.025 0.025 0.5175879396984925 0.9878299999999999 
0.025 0.025 0.5226130653266332 0.9863760000000001 
0.025 0.025 0.5276381909547738 0.9845369999999999 
0.025 0.025 0.5326633165829145 0.9822849999999999 
0.025 0.025 0.5376884422110553 0.976406 
0.025 0.025 0.542713567839196 0.9727019999999998 
0.025 0.025 0.5477386934673367 0.9684339999999999 
0.025 0.025 0.5527638190954773 0.963556 
0.025 0.025 0.5577889447236181 0.9580219999999999 
0.025 0.025 0.5628140703517588 0.9447989999999999 
0.025 0.025 0.5678391959798995 0.9370170000000001 
0.025 0.025 0.5728643216080402 0.9283930000000001 
0.025 0.025 0.5778894472361809 0.918887 
0.025 0.025 0.5829145728643216 0.908458 
0.025 0.025 0.5879396984924623 0.8847030000000004 
0.025 0.025 0.592964824120603 0.8713240000000001 
0.025 0.025 0.5979899497487438 0.8569219999999999 
0.025 0.025 0.6030150753768844 0.841487 
0.025 0.025 0.6080402010050251 0.825022 
0.025 0.025 0.6130653266331658 0.7890430000000003 
0.025 0.025 0.6180904522613065 0.7695780000000001 
0.025 0.025 0.6231155778894473 0.749177 
0.025 0.025 0.628140703517588 0.727889 
0.025 0.025 0.6331658291457286 0.7057699999999999 
0.025 0.025 0.6381909547738693 0.6593209999999999 
0.025 0.025 0.6432160804020101 0.6351480000000002 
0.025 0.025 0.6482412060301508 0.610461 
0.025 0.025 0.6532663316582915 0.585356 
0.025 0.025 0.6582914572864321 0.5599330000000001 
0.025 0.025 0.6633165829145728 0.508553 
0.025 0.025 0.6683417085427136 0.48281 
0.025 0.025 0.6733668341708543 0.4571750000000001 
0.025 0.025 0.678391959798995 0.431751 
0.025 0.025 0.6834170854271356 0.381945 
0.025 0.025 0.6884422110552764 0.3577519999999999 
0.025 0.025 0.6934673366834171 0.33415 
0.025 0.025 0.6984924623115578 0.311217 
0.025 0.025 0.7035175879396985 0.289023 
0.025 0.025 0.7085427135678392 0.247098 
0.025 0.025 0.7135678391959799 0.227463 
0.025 0.025 0.7185929648241206 0.208763 
0.025 0.025 0.7236180904522613 0.191024 
0.025 0.025 0.7286432160804021 0.174263 
0.025 0.025 0.7336683417085427 0.143699 
0.025 0.025 0.7386934673366834 0.129889 
0.025 0.025 0.7437185929648241 0.117041 
0.025 0.025 0.7487437185929648 0.105137 
0.025 0.025 0.7537688442211056 0.09414699999999999 
0.025 0.025 0.7587939698492462 0.07478600000000001 
0.025 0.025 0.7638190954773869 0.066339 
0.025 0.025 0.7688442211055276 0.05865900000000001 
0.025 0.025 0.7738693467336684 0.051704 
0.025 0.025 0.7788944723618091 0.04542899999999999 
0.025 0.025 0.7839195979899497 0.034736 
0.025 0.025 0.7889447236180904 0.030229 
0.025 0.025 0.7939698492462312 0.026222 
0.025 0.025 0.7989949748743719 0.022674 
0.025 0.025 0.8040201005025126 0.019543 
0.025 0.025 0.8090452261306532 0.014379 
0.025 0.025 0.8140703517587939 0.012274 
0.025 0.025 0.8190954773869347 0.010444 
0.025 0.025 0.8241206030150754 0.008858 
0.025 0.025 0.8291457286432161 0.007489 
0.025 0.025 0.8341708542713567 0.005301999999999999 
0.025 0.025 0.8391959798994975 0.004439 
0.025 0.025 0.8442211055276382 0.003705 
0.025 0.025 0.8492462311557789 0.003083 
0.025 0.025 0.8542713567839196 0.002112999999999999 
0.025 0.025 0.8592964824120602 0.001741 
0.025 0.025 0.864321608040201 0.00143 
0.025 0.025 0.8693467336683417 0.001171 
0.025 0.025 0.8743718592964824 0.0009559999999999999 
0.025 0.025 0.8793969849246231 0.0006309999999999999 
0.025 0.025 0.8844221105527639 0.00051 
0.025 0.025 0.8894472361809045 0.0004109999999999999 
0.025 0.025 0.8944723618090452 0.00033 
0.025 0.025 0.8994974874371859 0.000264 
0.025 0.025 0.9045226130653267 0.000168 
0.025 0.025 0.9095477386934674 0.000133 
0.025 0.025 0.914572864321608 0.000105 
0.025 0.025 0.9195979899497487 8.3e-05 
0.025 0.025 0.9246231155778895 6.499999999999999e-05 
0.025 0.025 0.9296482412060302 4e-05 
0.025 0.025 0.9346733668341709 3.1e-05 
0.025 0.025 0.9396984924623115 2.4e-05 
0.025 0.025 0.9447236180904522 1.9e-05 
0.025 0.025 0.949748743718593 1.4e-05 
0.025 0.025 0.9547738693467337 7.999999999999998e-06 
0.025 0.025 0.9597989949748744 5.999999999999999e-06 
0.025 0.025 0.964824120603015 5e-06 
0.025 0.025 0.9698492462311558 4e-06 
0.025 0.025 0.9748743718592965 3e-06 
0.025 0.025 0.9798994974874372 2e-06 
0.025 0.025 0.9849246231155779 1e-06 
0.025 0.025 0.9899497487437185 1e-06 
0.025 0.025 0.9949748743718593 1e-06 
0.025 0.025 1 1e-06 

