0.025 0.025 0 0.046523 
0.025 0.025 0.005025125628140704 0.097584 
0.025 0.025 0.01005025125628141 -0.025845 
0.025 0.025 0.01507537688442211 -0.06970899999999999 
0.025 0.025 0.02010050251256281 0.03671 
0.025 0.025 0.02512562814070352 -0.09164500000000002 
0.025 0.025 0.03015075376884422 0.032938 
0.025 0.025 0.03517587939698492 0.05649899999999999 
0.025 0.025 0.04020100502512563 0.08780300000000001 
0.025 0.025 0.04522613065326633 0.083786 
0.025 0.025 0.05025125628140704 -0.11938 
0.025 0.025 0.05527638190954774 -0.120862 
0.025 0.025 0.06030150753768844 -0.009724 
0.025 0.025 0.06532663316582915 0.113964 
0.025 0.025 0.07035175879396985 0.052471 
0.025 0.025 0.07537688442211055 0.064086 
0.025 0.025 0.08040201005025126 -0.04869999999999999 
0.025 0.025 0.08542713567839195 -0.05461299999999999 
0.025 0.025 0.09045226130653267 0.009646000000000002 
0.025 0.025 0.09547738693467336 -0.104623 
0.025 0.025 0.1005025125628141 0.064581 
0.025 0.025 0.1055276381909548 0.115983 
0.025 0.025 0.1105527638190955 0.117127 
0.025 0.025 0.1155778894472362 0.08311600000000001 
0.025 0.025 0.1206030150753769 -0.04335200000000001 
0.025 0.025 0.1256281407035176 -0.124815 
0.025 0.025 0.1306532663316583 -0.06891199999999999 
0.025 0.025 0.135678391959799 0.046316 
0.025 0.025 0.1407035175879397 0.028256 
0.025 0.025 0.1457286432160804 -0.010645 
0.025 0.025 0.1507537688442211 0.118956 
0.025 0.025 0.1557788944723618 0.028565 
0.025 0.025 0.1608040201005025 0.049509 
0.025 0.025 0.1658291457286432 -0.029306 
0.025 0.025 0.1708542713567839 -0.178238 
0.025 0.025 0.1758793969849246 -0.037372 
0.025 0.025 0.1809045226130653 0.02244000000000001 
0.025 0.025 0.185929648241206 0.09299200000000001 
0.025 0.025 0.1909547738693467 0.129232 
0.025 0.025 0.1959798994974874 0.07818700000000003 
0.025 0.025 0.2010050251256282 0.046399 
0.025 0.025 0.2060301507537688 0.021165 
0.025 0.025 0.2110552763819095 0.027713 
0.025 0.025 0.2160804020100502 -0.09670199999999998 
0.025 0.025 0.221105527638191 -0.184585 
0.025 0.025 0.2261306532663317 -0.090547 
0.025 0.025 0.2311557788944724 -0.074032 
0.025 0.025 0.2361809045226131 0.07227 
0.025 0.025 0.2412060301507538 0.216141 
0.025 0.025 0.2462311557788945 0.09056699999999997 
0.025 0.025 0.2512562814070352 0.156983 
0.025 0.025 0.2562814070351759 0.160161 
0.025 0.025 0.2613065326633166 0.111638 
0.025 0.025 0.2663316582914573 0.065876 
0.025 0.025 0.271356783919598 -0.17743 
0.025 0.025 0.2763819095477387 -0.267217 
0.025 0.025 0.2814070351758794 -0.344215 
0.025 0.025 0.2864321608040201 -0.294748 
0.025 0.025 0.2914572864321608 -0.161271 
0.025 0.025 0.2964824120603015 -0.188962 
0.025 0.025 0.3015075376884422 -0.064206 
0.025 0.025 0.3065326633165829 0.017108 
0.025 0.025 0.3115577889447236 0.05019499999999999 
0.025 0.025 0.3165829145728643 0.185439 
0.025 0.025 0.321608040201005 0.521746 
0.025 0.025 0.3266331658291458 0.5763160000000001 
0.025 0.025 0.3316582914572864 0.584147 
0.025 0.025 0.3366834170854272 0.704773 
0.025 0.025 0.3417085427135678 0.8238810000000002 
0.025 0.025 0.3467336683417085 0.8214300000000002 
0.025 0.025 0.3517587939698493 1.004984 
0.025 0.025 0.3567839195979899 0.96252 
0.025 0.025 0.3618090452261307 1.031183 
0.025 0.025 0.3668341708542713 0.926461 
0.025 0.025 0.3718592964824121 0.9400000000000001 
0.025 0.025 0.3768844221105528 0.9611709999999999 
0.025 0.025 0.3819095477386935 0.9545129999999999 
0.025 0.025 0.3869346733668342 1.080339 
0.025 0.025 0.3919597989949749 0.9578970000000003 
0.025 0.025 0.3969849246231156 0.965067 
0.025 0.025 0.4020100502512563 0.9141080000000001 
0.025 0.025 0.407035175879397 0.981169 
0.025 0.025 0.4120603015075377 0.8997230000000001 
0.025 0.025 0.4170854271356784 1.081684 
0.025 0.025 0.4221105527638191 1.07341 
0.025 0.025 0.4271356783919598 1.118104 
0.025 0.025 0.4321608040201005 0.973301 
0.025 0.025 0.4371859296482412 0.9513160000000002 
0.025 0.025 0.4422110552763819 0.9763189999999998 
0.025 0.025 0.4472361809045226 0.9471960000000001 
0.025 0.025 0.4522613065326633 0.922678 
0.025 0.025 0.457286432160804 1.120249 
0.025 0.025 0.4623115577889447 1.135104 
0.025 0.025 0.4673366834170855 0.9574229999999999 
0.025 0.025 0.4723618090452261 0.9909770000000001 
0.025 0.025 0.4773869346733668 0.9943289999999999 
0.025 0.025 0.4824120603015075 0.8417160000000001 
0.025 0.025 0.4874371859296482 0.899043 
0.025 0.025 0.492462311557789 1.049566 
0.025 0.025 0.4974874371859296 1.094011 
0.025 0.025 0.5025125628140703 1.094006 
0.025 0.025 0.507537688442211 1.138447 
0.025 0.025 0.5125628140703518 1.049099 
0.025 0.025 0.5175879396984925 0.9917760000000001 
0.025 0.025 0.5226130653266332 0.8391569999999999 
0.025 0.025 0.5276381909547738 0.835791 
0.025 0.025 0.5326633165829145 0.8693529999999999 
0.025 0.025 0.5376884422110553 0.9856809999999999 
0.025 0.025 0.542713567839196 0.9708180000000001 
0.025 0.025 0.5477386934673367 1.16838 
0.025 0.025 0.5527638190954773 1.192896 
0.025 0.025 0.5577889447236181 1.163791 
0.025 0.025 0.5628140703517588 1.00297 
0.025 0.025 0.5678391959798995 1.024943 
0.025 0.025 0.5728643216080402 0.8801490000000002 
0.025 0.025 0.5778894472361809 0.835454 
0.025 0.025 0.5829145728643216 0.8271699999999998 
0.025 0.025 0.5879396984924623 0.8644530000000002 
0.025 0.025 0.592964824120603 0.945896 
0.025 0.025 0.5979899497487438 1.012974 
0.025 0.025 0.6030150753768844 1.063957 
0.025 0.025 0.6080402010050251 1.071122 
0.025 0.025 0.6130653266331658 1.350513 
0.025 0.025 0.6180904522613065 1.2247 
0.025 0.025 0.6231155778894473 1.218052 
0.025 0.025 0.628140703517588 1.196903 
0.025 0.025 0.6331658291457286 1.210433 
0.025 0.025 0.6381909547738693 0.9033429999999999 
0.025 0.025 0.6432160804020101 0.8346889999999999 
0.025 0.025 0.6482412060301508 0.7922270000000001 
0.025 0.025 0.6532663316582915 0.60868 
0.025 0.025 0.6582914572864321 0.606212 
0.025 0.025 0.6633165829145728 0.369337 
0.025 0.025 0.6683417085427136 0.248711 
0.025 0.025 0.6733668341708543 0.256539 
0.025 0.025 0.678391959798995 0.20196 
0.025 0.025 0.6834170854271356 -0.04169899999999999 
0.025 0.025 0.6884422110552764 0.09354999999999999 
0.025 0.025 0.6934673366834171 0.06046700000000001 
0.025 0.025 0.6984924623115578 0.141775 
0.025 0.025 0.7035175879396985 0.017034 
0.025 0.025 0.7085427135678392 -0.04495599999999999 
0.025 0.025 0.7135678391959799 0.088516 
0.025 0.025 0.7185929648241206 0.039052 
0.025 0.025 0.7236180904522613 -0.037954 
0.025 0.025 0.7286432160804021 0.051817 
0.025 0.025 0.7336683417085427 0.033428 
0.025 0.025 0.7386934673366834 -0.012333 
0.025 0.025 0.7437185929648241 0.036186 
0.025 0.025 0.7487437185929648 0.03936699999999999 
0.025 0.025 0.7537688442211056 -0.027074 
0.025 0.025 0.7587939698492462 -0.013473 
0.025 0.025 0.7638190954773869 0.130402 
0.025 0.025 0.7688442211055276 -0.015906 
0.025 0.025 0.7738693467336684 0.0006089999999999999 
0.025 0.025 0.7788944723618091 -0.09343799999999999 
0.025 0.025 0.7839195979899497 0.120674 
0.025 0.025 0.7889447236180904 -0.003745 
0.025 0.025 0.7939698492462312 -0.010293 
0.025 0.025 0.7989949748743719 -0.035526 
0.025 0.025 0.8040201005025126 -0.003735 
0.025 0.025 0.8090452261306532 0.016313 
0.025 0.025 0.8140703517587939 0.05256300000000001 
0.025 0.025 0.8190954773869347 -0.017999 
0.025 0.025 0.8241206030150754 0.041815 
0.025 0.025 0.8291457286432161 -0.099074 
0.025 0.025 0.8341708542713567 0.118603 
0.025 0.025 0.8391959798994975 0.03979800000000001 
0.025 0.025 0.8442211055276382 0.018855 
0.025 0.025 0.8492462311557789 -0.071535 
0.025 0.025 0.8542713567839196 0.031605 
0.025 0.025 0.8592964824120602 0.07051900000000001 
0.025 0.025 0.864321608040201 0.052465 
0.025 0.025 0.8693467336683417 -0.06275500000000001 
0.025 0.025 0.8743718592964824 -0.006851999999999999 
0.025 0.025 0.8793969849246231 -0.07166999999999997 
0.025 0.025 0.8844221105527639 0.054806 
0.025 0.025 0.8894472361809045 0.020792 
0.025 0.025 0.8944723618090452 0.019662 
0.025 0.025 0.8994974874371859 0.071059 
0.025 0.025 0.9045226130653267 -0.09628599999999998 
0.025 0.025 0.9095477386934674 0.017998 
0.025 0.025 0.914572864321608 0.082262 
0.025 0.025 0.9195979899497487 0.08816999999999998 
0.025 0.025 0.9246231155778895 -0.02461 
0.025 0.025 0.9296482412060302 -0.07885200000000001 
0.025 0.025 0.9346733668341709 -0.017363 
0.025 0.025 0.9396984924623115 0.106308 
0.025 0.025 0.9447236180904522 -0.004822 
0.025 0.025 0.949748743718593 -0.006301000000000001 
0.025 0.025 0.9547738693467337 -0.05677699999999999 
0.025 0.025 0.9597989949748744 -0.05276600000000001 
0.025 0.025 0.964824120603015 -0.021475 
0.025 0.025 0.9698492462311558 -0.045041 
0.025 0.025 0.9748743718592965 0.07954899999999999 
0.025 0.025 0.9798994974874372 0.022341 
0.025 0.025 0.9849246231155779 -0.084094 
0.025 0.025 0.9899497487437185 -0.127963 
0.025 0.025 0.9949748743718593 -0.004546 
0.025 0.025 1 0.046525 

