0.025 0.025 0 0 
0.025 0.025 0.005025125628140704 0 
0.025 0.025 0.01005025125628141 0 
0.025 0.025 0.01507537688442211 0 
0.025 0.025 0.02010050251256281 0 
0.025 0.025 0.02512562814070352 0 
0.025 0.025 0.03015075376884422 0 
0.025 0.025 0.03517587939698492 0 
0.025 0.025 0.04020100502512563 0 
0.025 0.025 0.04522613065326633 0 
0.025 0.025 0.05025125628140704 0 
0.025 0.025 0.05527638190954774 0 
0.025 0.025 0.06030150753768844 0 
0.025 0.025 0.06532663316582915 0 
0.025 0.025 0.07035175879396985 0 
0.025 0.025 0.07537688442211055 0 
0.025 0.025 0.08040201005025126 0 
0.025 0.025 0.08542713567839195 0 
0.025 0.025 0.09045226130653267 0 
0.025 0.025 0.09547738693467336 0 
0.025 0.025 0.1005025125628141 0 
0.025 0.025 0.1055276381909548 0 
0.025 0.025 0.1105527638190955 0 
0.025 0.025 0.1155778894472362 0 
0.025 0.025 0.1206030150753769 0 
0.025 0.025 0.1256281407035176 0 
0.025 0.025 0.1306532663316583 0 
0.025 0.025 0.135678391959799 0 
0.025 0.025 0.1407035175879397 0 
0.025 0.025 0.1457286432160804 0 
0.025 0.025 0.1507537688442211 0 
0.025 0.025 0.1557788944723618 0 
0.025 0.025 0.1608040201005025 0 
0.025 0.025 0.1658291457286432 0 
0.025 0.025 0.1708542713567839 0 
0.025 0.025 0.1758793969849246 0 
0.025 0.025 0.1809045226130653 0 
0.025 0.025 0.185929648241206 0 
0.025 0.025 0.1909547738693467 0 
0.025 0.025 0.1959798994974874 0 
0.025 0.025 0.2010050251256282 0 
0.025 0.025 0.2060301507537688 0 
0.025 0.025 0.2110552763819095 0 
0.025 0.025 0.2160804020100502 0 
0.025 0.025 0.221105527638191 0 
0.025 0.025 0.2261306532663317 0 
0.025 0.025 0.2311557788944724 0 
0.025 0.025 0.2361809045226131 0 
0.025 0.025 0.2412060301507538 0 
0.025 0.025 0.2462311557788945 0 
0.025 0.025 0.2512562814070352 0 
0.025 0.025 0.2562814070351759 0 
0.025 0.025 0.2613065326633166 0 
0.025 0.025 0.2663316582914573 0 
0.025 0.025 0.271356783919598 1e-06 
0.025 0.025 0.2763819095477387 1e-06 
0.025 0.025 0.2814070351758794 8e-06 
0.025 0.025 0.2864321608040201 1e-05 
0.025 0.025 0.2914572864321608 1.1e-05 
0.025 0.025 0.2964824120603015 0.000155 
0.025 0.025 0.3015075376884422 0.000159 
0.025 0.025 0.3065326633165829 0.0009930000000000002 
0.025 0.025 0.3115577889447236 0.001822 
0.025 0.025 0.3165829145728643 0.001848 
0.025 0.025 0.321608040201005 0.04153299999999999 
0.025 0.025 0.3266331658291458 0.042199 
0.025 0.025 0.3316582914572864 0.04723399999999999 
0.025 0.025 0.3366834170854272 0.610965 
0.025 0.025 0.3417085427135678 0.9999999999999998 
0.025 0.025 0.3467336683417085 0.9999999999999999 
0.025 0.025 0.3517587939698493 1 
0.025 0.025 0.3567839195979899 1 
0.025 0.025 0.3618090452261307 1 
0.025 0.025 0.3668341708542713 1 
0.025 0.025 0.3718592964824121 1 
0.025 0.025 0.3768844221105528 1 
0.025 0.025 0.3819095477386935 1 
0.025 0.025 0.3869346733668342 1 
0.025 0.025 0.3919597989949749 1 
0.025 0.025 0.3969849246231156 0.9999999999999998 
0.025 0.025 0.4020100502512563 1 
0.025 0.025 0.407035175879397 0.9999999999999999 
0.025 0.025 0.4120603015075377 1 
0.025 0.025 0.4170854271356784 0.9999999999999998 
0.025 0.025 0.4221105527638191 1 
0.025 0.025 0.4271356783919598 1 
0.025 0.025 0.4321608040201005 1 
0.025 0.025 0.4371859296482412 1 
0.025 0.025 0.4422110552763819 1 
0.025 0.025 0.4472361809045226 1 
0.025 0.025 0.4522613065326633 1 
0.025 0.025 0.457286432160804 1 
0.025 0.025 0.4623115577889447 1 
0.025 0.025 0.4673366834170855 1 
0.025 0.025 0.4723618090452261 1 
0.025 0.025 0.4773869346733668 1 
0.025 0.025 0.4824120603015075 1 
0.025 0.025 0.4874371859296482 1 
0.025 0.025 0.492462311557789 0.9999999999999999 
0.025 0.025 0.4974874371859296 1 
0.025 0.025 0.5025125628140703 1 
0.025 0.025 0.507537688442211 1 
0.025 0.025 0.5125628140703518 1 
0.025 0.025 0.5175879396984925 1 
0.025 0.025 0.5226130653266332 0.9999999999999999 
0.025 0.025 0.5276381909547738 0.9999999999999999 
0.025 0.025 0.5326633165829145 1 
0.025 0.025 0.5376884422110553 0.9999999999999998 
0.025 0.025 0.542713567839196 1 
0.025 0.025 0.5477386934673367 1 
0.025 0.025 0.5527638190954773 0.9999999999999998 
0.025 0.025 0.5577889447236181 1 
0.025 0.025 0.5628140703517588 0.9999999999999998 
0.025 0.025 0.5678391959798995 1 
0.025 0.025 0.5728643216080402 0.9999999999999999 
0.025 0.025 0.5778894472361809 1 
0.025 0.025 0.5829145728643216 1 
0.025 0.025 0.5879396984924623 1 
0.025 0.025 0.592964824120603 1 
0.025 0.025 0.5979899497487438 1 
0.025 0.025 0.6030150753768844 1 
0.025 0.025 0.6080402010050251 0.9999999999999999 
0.025 0.025 0.6130653266331658 0.999999 
0.025 0.025 0.6180904522613065 0.9999990000000002 
0.025 0.025 0.6231155778894473 0.9999919999999999 
0.025 0.025 0.628140703517588 0.999981 
0.025 0.025 0.6331658291457286 0.999981 
0.025 0.025 0.6381909547738693 0.9998270000000002 
0.025 0.025 0.6432160804020101 0.999818 
0.025 0.025 0.6482412060301508 0.9997779999999998 
0.025 0.025 0.6532663316582915 0.993966 
0.025 0.025 0.6582914572864321 0.9916990000000001 
0.025 0.025 0.6633165829145728 0.9870370000000001 
0.025 0.025 0.6683417085427136 0.406768 
0.025 0.025 0.6733668341708543 1e-06 
0.025 0.025 0.678391959798995 1e-06 
0.025 0.025 0.6834170854271356 1e-06 
0.025 0.025 0.6884422110552764 1e-06 
0.025 0.025 0.6934673366834171 0 
0.025 0.025 0.6984924623115578 0 
0.025 0.025 0.7035175879396985 0 
0.025 0.025 0.7085427135678392 0 
0.025 0.025 0.7135678391959799 0 
0.025 0.025 0.7185929648241206 0 
0.025 0.025 0.7236180904522613 0 
0.025 0.025 0.7286432160804021 0 
0.025 0.025 0.7336683417085427 0 
0.025 0.025 0.7386934673366834 0 
0.025 0.025 0.7437185929648241 0 
0.025 0.025 0.7487437185929648 0 
0.025 0.025 0.7537688442211056 0 
0.025 0.025 0.7587939698492462 0 
0.025 0.025 0.7638190954773869 0 
0.025 0.025 0.7688442211055276 0 
0.025 0.025 0.7738693467336684 0 
0.025 0.025 0.7788944723618091 0 
0.025 0.025 0.7839195979899497 0 
0.025 0.025 0.7889447236180904 0 
0.025 0.025 0.7939698492462312 0 
0.025 0.025 0.7989949748743719 0 
0.025 0.025 0.8040201005025126 0 
0.025 0.025 0.8090452261306532 0 
0.025 0.025 0.8140703517587939 0 
0.025 0.025 0.8190954773869347 0 
0.025 0.025 0.8241206030150754 0 
0.025 0.025 0.8291457286432161 0 
0.025 0.025 0.8341708542713567 0 
0.025 0.025 0.8391959798994975 0 
0.025 0.025 0.8442211055276382 0 
0.025 0.025 0.8492462311557789 0 
0.025 0.025 0.8542713567839196 0 
0.025 0.025 0.8592964824120602 0 
0.025 0.025 0.864321608040201 0 
0.025 0.025 0.8693467336683417 0 
0.025 0.025 0.8743718592964824 0 
0.025 0.025 0.8793969849246231 0 
0.025 0.025 0.8844221105527639 0 
0.025 0.025 0.8894472361809045 0 
0.025 0.025 0.8944723618090452 0 
0.025 0.025 0.8994974874371859 0 
0.025 0.025 0.9045226130653267 0 
0.025 0.025 0.9095477386934674 0 
0.025 0.025 0.914572864321608 0 
0.025 0.025 0.9195979899497487 0 
0.025 0.025 0.9246231155778895 0 
0.025 0.025 0.9296482412060302 0 
0.025 0.025 0.9346733668341709 0 
0.025 0.025 0.9396984924623115 0 
0.025 0.025 0.9447236180904522 0 
0.025 0.025 0.949748743718593 0 
0.025 0.025 0.9547738693467337 0 
0.025 0.025 0.9597989949748744 0 
0.025 0.025 0.964824120603015 0 
0.025 0.025 0.9698492462311558 0 
0.025 0.025 0.9748743718592965 0 
0.025 0.025 0.9798994974874372 0 
0.025 0.025 0.9849246231155779 0 
0.025 0.025 0.9899497487437185 0 
0.025 0.025 0.9949748743718593 0 
0.025 0.025 1 0 

