0.5 0 2.5 0 
0.5 0.004016064257028112 2.5 -0.002257492454442617 
0.5 0.008032128514056224 2.5 -0.004514984908885234 
0.5 0.01204819277108434 2.5 -0.006772477363327851 
0.5 0.01606425702811245 2.5 -0.009029969817770468 
0.5 0.02008032128514056 2.5 -0.01128746227221309 
0.5 0.02409638554216868 2.5 -0.0135449547266557 
0.5 0.02811244979919679 2.5 -0.01580244718109832 
0.5 0.0321285140562249 2.5 -0.01805993963554093 
0.5 0.03614457831325301 2.5 -0.02010215563372468 
0.5 0.04016064257028112 2.5 -0.02205214675438419 
0.5 0.04417670682730924 2.5 -0.02400213787504371 
0.5 0.04819277108433735 2.5 -0.02595212899570322 
0.5 0.05220883534136546 2.5 -0.02790212011636273 
0.5 0.05622489959839357 2.5 -0.02985211123702224 
0.5 0.06024096385542169 2.5 -0.03180210235768176 
0.5 0.06425702811244979 2.5 -0.03375209347834127 
0.5 0.06827309236947791 2.5 -0.03562167809934123 
0.5 0.07228915662650602 2.5 -0.03737061125132335 
0.5 0.07630522088353414 2.5 -0.03911954440330549 
0.5 0.08032128514056225 2.5 -0.0408684775552876 
0.5 0.08433734939759036 2.5 -0.04261741070726972 
0.5 0.08835341365461848 2.5 -0.04436634385925185 
0.5 0.09236947791164658 2.5 -0.04611527701123396 
0.5 0.0963855421686747 2.5 -0.04786421016321608 
0.5 0.1004016064257028 2.5 -0.04960112211064882 
0.5 0.1044176706827309 2.5 -0.05122984321713698 
0.5 0.108433734939759 2.5 -0.05285856432362516 
0.5 0.1124497991967871 2.5 -0.05448728543011333 
0.5 0.1164658634538153 2.5 -0.0561160065366015 
0.5 0.1204819277108434 2.5 -0.05774472764308968 
0.5 0.1244979919678715 2.5 -0.05937344874957784 
0.5 0.1285140562248996 2.5 -0.06100216985606602 
0.5 0.1325301204819277 2.5 -0.06263089096255421 
0.5 0.1365461847389558 2.5 -0.06421621994843235 
0.5 0.1405622489959839 2.5 -0.06579070653098987 
0.5 0.144578313253012 2.5 -0.06736519311354734 
0.5 0.1485943775100401 2.5 -0.06893967969610486 
0.5 0.1526104417670683 2.5 -0.07051416627866236 
0.5 0.1566265060240964 2.5 -0.07208865286121985 
0.5 0.1606425702811245 2.5 -0.07366313944377736 
0.5 0.1646586345381526 2.5 -0.07523762602633488 
0.5 0.1686746987951807 2.5 -0.07681026904395548 
0.5 0.1726907630522088 2.5 -0.07838106788447403 
0.5 0.176706827309237 2.5 -0.07995186672499253 
0.5 0.1807228915662651 2.5 -0.08152266556551108 
0.5 0.1847389558232932 2.5 -0.0830934644060296 
0.5 0.1887550200803213 2.5 -0.0846642632465481 
0.5 0.1927710843373494 2.5 -0.08623506208706665 
0.5 0.1967871485943775 2.5 -0.08780586092758519 
0.5 0.2008032128514056 2.5 -0.08938275019045372 
0.5 0.2048192771084337 2.5 -0.09098400114272226 
0.5 0.2088353413654618 2.5 -0.09258525209499083 
0.5 0.21285140562249 2.5 -0.09418650304725938 
0.5 0.2168674698795181 2.5 -0.09578775399952796 
0.5 0.2208835341365462 2.5 -0.0973890049517965 
0.5 0.2248995983935743 2.5 -0.09899025590406507 
0.5 0.2289156626506024 2.5 -0.1005915068563336 
0.5 0.2329317269076305 2.5 -0.1021927578086022 
0.5 0.2369477911646586 2.5 -0.1038354715334007 
0.5 0.2409638554216867 2.5 -0.105482787984662 
0.5 0.2449799196787149 2.5 -0.1071301044359234 
0.5 0.248995983935743 2.5 -0.1087774208871847 
0.5 0.2530120481927711 2.5 -0.110424737338446 
0.5 0.2570281124497992 2.5 -0.1120720537897074 
0.5 0.2610441767068273 2.5 -0.1137193702409687 
0.5 0.2650602409638554 2.5 -0.11536668669223 
0.5 0.2690763052208835 2.5 -0.1170381200612007 
0.5 0.2730923694779117 2.5 -0.1187256369363694 
0.5 0.2771084337349398 2.5 -0.1204131538115382 
0.5 0.2811244979919679 2.5 -0.1221006706867069 
0.5 0.285140562248996 2.5 -0.1237881875618756 
0.5 0.2891566265060241 2.5 -0.1254757044370444 
0.5 0.2931726907630522 2.5 -0.1271632213122131 
0.5 0.2971887550200803 2.5 -0.1288507381873819 
0.5 0.3012048192771085 2.5 -0.1305411195490268 
0.5 0.3052208835341366 2.5 -0.1322381847124496 
0.5 0.3092369477911647 2.5 -0.1339352498758723 
0.5 0.3132530120481928 2.5 -0.135632315039295 
0.5 0.3172690763052209 2.5 -0.1373293802027177 
0.5 0.321285140562249 2.5 -0.1390264453661404 
0.5 0.3253012048192771 2.5 -0.1407235105295631 
0.5 0.3293172690763052 2.5 -0.1424205756929858 
0.5 0.3333333333333333 2.5 -0.1441176368272634 
0.5 0.3373493975903614 2.5 -0.145766158073706 
0.5 0.3413654618473896 2.5 -0.1474146793201485 
0.5 0.3453815261044177 2.5 -0.1490632005665911 
0.5 0.3493975903614458 2.5 -0.1507117218130336 
0.5 0.3534136546184739 2.5 -0.1523602430594762 
0.5 0.357429718875502 2.5 -0.1540087643059187 
0.5 0.3614457831325301 2.5 -0.1556572855523612 
0.5 0.3654618473895582 2.5 -0.1573058067988037 
0.5 0.3694779116465863 2.5 -0.1588598940025846 
0.5 0.3734939759036144 2.5 -0.1603734934759287 
0.5 0.3775100401606425 2.5 -0.1618870929492728 
0.5 0.3815261044176707 2.5 -0.163400692422617 
0.5 0.3855421686746988 2.5 -0.1649142918959611 
0.5 0.3895582329317269 2.5 -0.1664278913693052 
0.5 0.393574297188755 2.5 -0.1679414908426494 
0.5 0.3975903614457831 2.5 -0.1694550903159935 
0.5 0.4016064257028112 2.5 -0.1708707129059543 
0.5 0.4056224899598393 2.5 -0.1721393701708403 
0.5 0.4096385542168675 2.5 -0.1734080274357262 
0.5 0.4136546184738956 2.5 -0.1746766847006121 
0.5 0.4176706827309237 2.5 -0.175945341965498 
0.5 0.4216867469879518 2.5 -0.1772139992303839 
0.5 0.4257028112449799 2.5 -0.1784826564952698 
0.5 0.429718875502008 2.5 -0.1797513137601557 
0.5 0.4337349397590362 2.5 -0.1809815144082962 
0.5 0.4377510040160643 2.5 -0.1818659244309391 
0.5 0.4417670682730924 2.5 -0.182750334453582 
0.5 0.4457831325301205 2.5 -0.1836347444762249 
0.5 0.4497991967871486 2.5 -0.1845191544988679 
0.5 0.4538152610441767 2.5 -0.1854035645215108 
0.5 0.4578313253012048 2.5 -0.1862879745441537 
0.5 0.461847389558233 2.5 -0.1871723845667966 
0.5 0.4658634538152611 2.5 -0.1880567945894396 
0.5 0.4698795180722892 2.5 -0.1885226988118526 
0.5 0.4738955823293173 2.5 -0.1888839223036056 
0.5 0.4779116465863454 2.5 -0.1892451457953585 
0.5 0.4819277108433735 2.5 -0.1896063692871116 
0.5 0.4859437751004016 2.5 -0.1899675927788645 
0.5 0.4899598393574297 2.5 -0.1903288162706175 
0.5 0.4939759036144578 2.5 -0.1906900397623705 
0.5 0.4979919678714859 2.5 -0.1910512632541235 
0.5 0.5020080321285141 2.5 -0.1911051041539783 
0.5 0.5060240963855421 2.5 -0.1908515624619349 
0.5 0.5100401606425703 2.5 -0.1905980207698914 
0.5 0.5140562248995983 2.5 -0.190344479077848 
0.5 0.5180722891566265 2.5 -0.1900909373858046 
0.5 0.5220883534136547 2.5 -0.1898373956937612 
0.5 0.5261044176706827 2.5 -0.1895838540017177 
0.5 0.5301204819277109 2.5 -0.1893303123096743 
0.5 0.5341365461847389 2.5 -0.188930976622335 
0.5 0.5381526104417671 2.5 -0.1879487673508578 
0.5 0.5421686746987951 2.5 -0.1869665580793806 
0.5 0.5461847389558233 2.5 -0.1859843488079033 
0.5 0.5502008032128514 2.5 -0.1850021395364261 
0.5 0.5542168674698795 2.5 -0.1840199302649489 
0.5 0.5582329317269076 2.5 -0.1830377209934717 
0.5 0.5622489959839357 2.5 -0.1820555117219945 
0.5 0.5662650602409639 2.5 -0.1810733024505173 
0.5 0.570281124497992 2.5 -0.179342447497487 
0.5 0.5742971887550201 2.5 -0.1775283329707996 
0.5 0.5783132530120482 2.5 -0.1757142184441121 
0.5 0.5823293172690763 2.5 -0.1739001039174247 
0.5 0.5863453815261044 2.5 -0.1720859893907373 
0.5 0.5903614457831325 2.5 -0.1702718748640498 
0.5 0.5943775100401606 2.5 -0.1684577603373624 
0.5 0.5983935742971888 2.5 -0.1666436458106749 
0.5 0.6024096385542169 2.5 -0.1643171406179121 
0.5 0.606425702811245 2.5 -0.1616490416477659 
0.5 0.6104417670682731 2.5 -0.1589809426776195 
0.5 0.6144578313253012 2.5 -0.1563128437074733 
0.5 0.6184738955823293 2.5 -0.1536447447373269 
0.5 0.6224899598393574 2.5 -0.1509766457671805 
0.5 0.6265060240963856 2.5 -0.1483085467970342 
0.5 0.6305220883534136 2.5 -0.145640447826888 
0.5 0.6345381526104418 2.5 -0.1427205703125395 
0.5 0.6385542168674698 2.5 -0.1392134416599319 
0.5 0.642570281124498 2.5 -0.1357063130073242 
0.5 0.6465863453815262 2.5 -0.1321991843547165 
0.5 0.6506024096385542 2.5 -0.1286920557021089 
0.5 0.6546184738955824 2.5 -0.1251849270495011 
0.5 0.6586345381526104 2.5 -0.1216777983968936 
0.5 0.6626506024096386 2.5 -0.1181706697442858 
0.5 0.6666666666666666 2.5 -0.1146635410916782 
0.5 0.6706827309236948 2.5 -0.1103461856537842 
0.5 0.6746987951807228 2.5 -0.1060287629614851 
0.5 0.678714859437751 2.5 -0.1017113402691859 
0.5 0.6827309236947792 2.5 -0.09739391757688659 
0.5 0.6867469879518072 2.5 -0.09307649488458733 
0.5 0.6907630522088354 2.5 -0.08875907219228804 
0.5 0.6947791164658634 2.5 -0.08444164949998902 
0.5 0.6987951807228916 2.5 -0.08012422680768963 
0.5 0.7028112449799196 2.5 -0.07523657250946002 
0.5 0.7068273092369478 2.5 -0.07010453323725988 
0.5 0.7108433734939759 2.5 -0.0649724939650603 
0.5 0.714859437751004 2.5 -0.05984045469286 
0.5 0.7188755020080321 2.5 -0.05470841542066029 
0.5 0.7228915662650602 2.5 -0.04957637614846028 
0.5 0.7269076305220884 2.5 -0.04444433687626041 
0.5 0.7309236947791165 2.5 -0.03931229760406041 
0.5 0.7349397590361446 2.5 -0.03381072052188471 
0.5 0.7389558232931727 2.5 -0.02775502838271553 
0.5 0.7429718875502008 2.5 -0.02169933624354619 
0.5 0.7469879518072289 2.5 -0.01564364410437683 
0.5 0.751004016064257 2.5 -0.009587951965207647 
0.5 0.7550200803212851 2.5 -0.003532259826038324 
0.5 0.7590361445783133 2.5 0.002523432313130855 
0.5 0.7630522088353414 2.5 0.008579124452300021 
0.5 0.7670682730923695 2.5 0.01475770077727901 
0.5 0.7710843373493976 2.5 0.02204325556053756 
0.5 0.7751004016064257 2.5 0.02932881034379632 
0.5 0.7791164658634538 2.5 0.03661436512705486 
0.5 0.7831325301204819 2.5 0.04389991991031362 
0.5 0.7871485943775101 2.5 0.05118547469357217 
0.5 0.7911646586345381 2.5 0.05847102947683073 
0.5 0.7951807228915663 2.5 0.06575658426008971 
0.5 0.7991967871485943 2.5 0.07304213904334825 
0.5 0.8032128514056225 2.5 0.08179009399277738 
0.5 0.8072289156626506 2.5 0.09090364898374911 
0.5 0.8112449799196787 2.5 0.1000172039747201 
0.5 0.8152610441767069 2.5 0.1091307589656923 
0.5 0.8192771084337349 2.5 0.1182443139566635 
0.5 0.8232931726907631 2.5 0.1273578689476352 
0.5 0.8273092369477911 2.5 0.1364714239386069 
0.5 0.8313253012048193 2.5 0.1455849789295784 
0.5 0.8353413654618473 2.5 0.1560814755992231 
0.5 0.8393574297188755 2.5 0.1679604548871067 
0.5 0.8433734939759037 2.5 0.1798394341749917 
0.5 0.8473895582329317 2.5 0.1917184134628757 
0.5 0.8514056224899599 2.5 0.2035973927507599 
0.5 0.8554216867469879 2.5 0.2154763720386435 
0.5 0.8594377510040161 2.5 0.2273553513265278 
0.5 0.8634538152610441 2.5 0.2392343306144121 
0.5 0.8674698795180723 2.5 0.2519002129505333 
0.5 0.8714859437751004 2.5 0.2677153409813314 
0.5 0.8755020080321285 2.5 0.28353046901213 
0.5 0.8795180722891566 2.5 0.2993455970429281 
0.5 0.8835341365461847 2.5 0.3151607250737267 
0.5 0.8875502008032129 2.5 0.3309758531045256 
0.5 0.8915662650602409 2.5 0.3467909811353228 
0.5 0.8955823293172691 2.5 0.3626061091661218 
0.5 0.8995983935742972 2.5 0.3784212371969199 
0.5 0.9036144578313253 2.5 0.3986689366618663 
0.5 0.9076305220883534 2.5 0.4194091440639401 
0.5 0.9116465863453815 2.5 0.4401493514660145 
0.5 0.9156626506024096 2.5 0.4608895588680882 
0.5 0.9196787148594378 2.5 0.4816297662701636 
0.5 0.9236947791164659 2.5 0.5023699736722375 
0.5 0.927710843373494 2.5 0.52311018107431 
0.5 0.9317269076305221 2.5 0.5438503884763842 
0.5 0.9357429718875502 2.5 0.5675338960982831 
0.5 0.9397590361445783 2.5 0.5931789253663726 
0.5 0.9437751004016064 2.5 0.6188239546344608 
0.5 0.9477911646586346 2.5 0.6444689839025511 
0.5 0.9518072289156626 2.5 0.6701140131706409 
0.5 0.9558232931726908 2.5 0.6957590424387297 
0.5 0.9598393574297188 2.5 0.7214040717068179 
0.5 0.963855421686747 2.5 0.7470491009749081 
0.5 0.9678714859437751 2.5 0.7734943614496382 
0.5 0.9718875502008032 2.5 0.801807566268433 
0.5 0.9759036144578314 2.5 0.8301207710872277 
0.5 0.9799196787148594 2.5 0.8584339759060233 
0.5 0.9839357429718876 2.5 0.886747180724819 
0.5 0.9879518072289156 2.5 0.9150603855436129 
0.5 0.9919678714859438 2.5 0.9433735903624086 
0.5 0.9959839357429718 2.5 0.971686795181204 
0.5 1 2.5 0.9999999999999996 

